00000000000000
00000000000000
00000000000000
00000000000000
00002020000000
00021111200000
00001222101000
00001012020000
00001222210000
00001001020000
00000000001000
00000000000000
00000000000000
00000000000000

0 0 0 0 0 0 0 0 0 0 0 0 0 0 
0 0 0 0 0 0 0 0 0 0 0 0 0 0 
0 0 0 0 1 0 1 0 0 0 0 0 0 0 
0 0 0 3 4 20 4 4 1 0 0 0 0 0 
0 0 3 7 326 14 41 11 8 16 2 0 0 0 
0 1 4 325 646 3239 34 636 325 11 4 3 0 0 
0 0 18 12 636 36 328 48 333 13 18 3 2 0 
0 0 2 25 46 23 32 35 19 28 8 4 0 0 
0 0 2 10 3530 320 30 44 335 3211 12 2 0 0 
0 0 2 6 322 26 13 326 12 315 8 4 0 0 
0 0 0 3 320 4 4 4 8 7 3206 3 2 0 
0 0 0 0 2 0 0 2 0 4 3 3 0 0 
0 0 0 0 0 0 0 0 0 0 2 0 0 0 
0 0 0 0 0 0 0 0 0 0 0 0 0 0 
